219
9277 19
26618 71851 1404 69537 32901 82049 85535 4990 24431 8730 1677 98478 95698 76296 52765 75269 17950 61344 16941
5690 13
8830 77000 77358 76055 95019 83270 99681 29514 67521 73402 37539 22852 86490
6079 16
76709 15659 81771 49 61223 51612 97034 49798 12844 80276 36151 26665 72673 16853 22024 10997
8356 15
42471 53666 85020 61278 88018 7053 58054 8343 24481 3504 91403 25656 80143 22097 99206
5760 16
69294 31579 58642 35401 28307 10971 27303 56581 63832 32273 44614 3841 1536 25516 36200 46752
6424 11
34941 81689 81478 95899 69397 59337 79158 30924 77740 78414 13228
2665 10
20706 89251 33201 72563 42687 21658 33316 10740 1738 81181
9150 10
83227 76696 3283 60519 38195 88194 83405 76071 37813 8475
9480 16
80537 24088 62468 7150 54988 12866 7050 14023 50598 74313 89930 37602 74009 42351 15794 58791
2454 20
55180 22755 62572 82706 61688 33461 73068 27956 99759 64341 91258 76163 16166 5707 54708 5994 69991 65010 55412 7775
2208 13
48142 65549 71964 36621 70561 393 62347 43273 29277 83089 55846 27673 87056
881 15
1724 61540 66933 19708 30238 49584 33815 67196 83609 41770 26332 10084 65048 54207 25109
5817 10
364 11932 41083 28098 39919 57548 58584 36261 65109 20292
2405 10
84313 37131 74637 90529 23160 12715 94650 47038 45317 63306
3958 11
96791 92298 35488 24093 27397 9205 43277 36360 24376 62135 41880
5504 14
34855 34599 61239 92617 62076 5663 26971 50743 45633 37807 63249 88922 80257 49241
244 18
48079 97936 51630 43784 68514 59760 17087 45461 78929 3219 79153 65886 50970 33480 38566 51324 93849 79996
3261 19
86611 93388 72521 38015 83698 22435 865 60886 72994 22585 82448 34171 90531 90462 92724 73398 80439 29510 92464
4214 20
35921 74644 7574 4888 88932 45593 4781 73820 12852 9893 60102 51192 54352 51351 76415 86503 51564 53206 89105 90447
3957 14
62852 31778 69539 58342 51680 59251 47833 51174 66732 94704 80855 35096 57425 7543
3902 12
29873 25456 15815 8350 68475 89342 53787 60965 81297 69322 58899 38707
9004 20
81614 94860 88047 91454 47208 21376 56579 57502 2341 36971 2861 97560 15081 50181 43022 35105 99714 42909 90422 4126
3712 15
58745 91783 47684 77373 27131 51069 26279 12668 45489 6484 9485 3651 51519 3461 80245
235 14
65953 18911 13220 50878 67130 26904 75999 21038 38953 88348 93740 80595 12165 99459
3148 15
69943 95340 21022 71769 63389 41864 23660 87563 36813 47631 32967 20102 23400 87166 48541
8386 17
29325 70971 90162 10668 24656 79504 28741 67304 59817 76829 20960 98519 87600 51994 9683 80155 54591
6564 13
61898 25873 40167 61293 63645 23828 82125 9300 73340 2643 26188 31128 21305
964 14
70271 88824 22506 38311 71640 29661 90026 81829 50929 157 15007 95850 2702 1565
4076 17
21031 37892 62037 46859 86816 74270 82252 81318 54074 9404 16272 1133 54644 72631 64825 64296 86769
4327 19
35 69243 62113 55040 21497 70974 72462 63063 42905 89867 68296 23985 43170 49548 83154 93232 91008 27801 17265
6970 15
39051 79380 46138 52680 14732 99291 89421 99953 46258 6427 56262 57776 22466 61585 37088
2496 19
5319 53594 53759 69764 83112 86287 34180 16111 54654 82030 47137 4821 24018 87604 73928 84656 74281 37880 3121
4637 18
72198 59528 54237 26142 16353 67409 95262 58115 28299 96659 36055 63609 78679 48895 89102 20123 50684 46712
7081 16
90728 93383 35478 21043 27036 32199 37296 50951 42983 47291 93465 26442 56323 96868 46301 23370
3291 11
82864 98322 99437 29336 44330 56477 74390 84159 56650 85366 66322
4414 16
28444 76827 97710 67599 81791 11949 31910 48687 81198 51962 58123 40247 77623 39579 24365 78320
7346 13
52973 26039 28925 28323 8572 34713 63003 38212 58848 73658 71336 40442 24976
4187 17
17209 49274 24083 74113 22792 49193 72156 16251 26427 9564 20997 31820 26352 74882 62549 36547 34811
9193 12
66783 75042 53114 62307 29690 1468 66708 21708 73559 71885 57728 85506
4134 15
69349 65192 97582 29586 92683 50719 96714 94628 16676 32660 20179 31823 51236 99695 83069
7682 16
74951 63500 88901 94640 54193 30836 54154 79038 98594 27286 28915 82195 84167 20724 80346 80373
7680 11
14752 86250 35306 17944 15686 94503 20000 27058 73380 6404 26779
1934 11
60016 10318 58864 44874 19331 32572 42894 87729 18319 47307 17123
4954 14
87224 10858 73161 47674 16131 50514 21048 51508 77046 47863 24713 43248 54932 81777
52 19
97618 97294 18026 69736 99295 42359 83658 47297 82886 66143 81132 27381 79254 79233 58568 81158 78912 58885 36808
4080 12
5316 53045 73737 49037 28800 24364 95349 51559 69151 42079 452 61539
2628 16
57134 92557 82997 46223 61746 77056 39687 48159 20512 83379 71661 74447 52549 74531 83657 42448
63 17
30165 93113 23223 21716 25965 92940 45240 55968 33416 57221 88126 28879 16242 77140 63248 25008 34920
1362 12
23576 9594 33033 99195 50782 73931 67810 230 6294 16381 18281 59183
6657 13
20560 88294 91754 85570 40424 62405 94183 31033 26739 94464 87436 25342 49626
5619 14
2603 33598 5506 15350 30929 15949 40610 53891 59785 18509 45992 5654 87267 97867
5770 17
7820 82711 89717 86163 66524 57019 6337 87278 92555 42044 67762 31571 38112 29347 27896 82734 35433
444 20
36998 21992 41619 25777 1892 75863 50386 55257 62467 46666 53963 47515 47918 80636 31693 31023 33829 84956 3077 94801
2589 20
40290 81070 52403 28106 3679 3674 24822 7134 63242 48434 63490 91405 75063 79365 11937 98740 86436 55982 2285 71620
8644 15
68386 34444 35464 51062 34877 26767 76680 22724 23452 89898 73627 53074 89846 87213 30861
3748 10
10363 28994 76963 46316 33625 69861 92891 20543 86443 82369
8352 14
35667 39843 93794 88184 41779 37182 56291 20554 47192 77190 61810 72118 75537 56392
4437 19
43054 69434 13497 21619 39214 93000 87657 34930 51678 47173 68618 9398 59281 3701 80624 30799 58316 40073 87815
7620 17
27643 78367 49668 77747 91817 69244 4204 20754 23880 81599 92979 12116 72784 51980 23346 75658 43561
8882 18
77284 95789 71145 24495 25142 68935 7833 32131 60310 73688 60010 83117 73374 39812 92822 64412 50808 38180
4737 13
74781 13887 71699 21135 5932 69483 61044 76690 7423 14187 85147 98118 50866
8496 10
25958 43191 95932 2209 22636 98891 48628 69632 66365 680
6656 18
31792 46400 89539 85014 93514 10195 91373 57352 26819 77941 63240 44223 68962 13355 18667 95713 71534 91324
8879 20
85342 77080 28665 1229 76499 40765 3454 46449 43742 80113 74457 55425 21564 42788 61446 50012 99081 42340 34976 61471
1757 10
48197 67728 3810 83612 86288 14381 88265 58879 86689 11575
82 18
31572 80234 14052 35441 21704 7065 29937 5893 63147 99404 56986 19844 13415 48886 58931 75523 48471 22224
7458 17
81169 60849 11416 85698 96256 22130 22845 57325 86871 34107 95380 79713 4715 3567 38062 5585 26228
9755 19
1295 34112 51101 22760 95345 21292 11163 81960 35419 79838 84657 54317 1971 62547 18508 41092 78306 95206 18940
101 15
40385 78088 58595 70616 43781 16959 73147 20446 32249 54173 25582 69032 95514 77210 18985
2592 15
67614 30991 74684 38092 4327 57001 48956 11618 13054 78086 63954 42749 92475 16648 43326
6204 12
52050 8963 1671 63558 16409 69596 80669 50036 31934 15675 45667 41035
6536 13
63845 87480 24902 35677 42673 98272 13986 91558 87706 39187 66779 32258 19140
2729 16
74642 7523 38349 39440 36081 83535 6336 51259 26630 69449 26173 81850 9108 86228 7855 15757
7129 10
24820 62731 80742 43824 29627 99925 62293 45542 25940 61918
7001 20
4611 96369 27976 15887 83926 29201 50627 42680 50735 96989 14179 64991 58709 12227 46048 67930 40208 79844 76072 50074
3629 19
12758 66715 4753 44889 64501 70113 26714 72472 68531 21168 5300 5750 789 51851 99147 6044 24513 93128 88364
9505 13
31978 82550 32170 25253 89049 67620 63090 61376 9010 14852 61134 91610 3604
5259 10
4080 27505 13277 50399 13333 58182 25896 12236 33030 21322
3103 20
52451 19581 29529 55734 42284 84817 33283 66861 2609 87541 26361 58485 85661 15670 34091 84707 24362 61016 13378 62969
9808 16
99564 35026 73982 88729 34143 77238 9576 6558 93932 30786 54124 99270 15816 39438 2319 56072
7562 12
29837 71421 79236 15900 10861 94315 23574 445 58328 78604 69906 34662
7023 14
68000 7571 40193 48048 20795 56413 35346 72084 10781 74895 22596 3809 84616 58811
1309 18
816 11832 7004 56690 84598 93894 91709 21555 19891 17684 95145 53388 88895 15591 33092 88747 58473 36064
5053 19
95967 19673 59378 73720 93391 10965 25811 59427 93125 97335 97862 39551 11913 37442 45636 63193 25989 47759 56682
2020 10
83717 27597 3751 88764 8142 48808 33626 57212 27424 37139
8377 16
69927 1952 23001 6259 17597 2902 54862 75006 76601 20195 89407 46143 49061 1128 30670 98336
20 18
68344 17453 54544 82710 21904 56269 6642 92494 79689 88220 83263 46404 60514 54112 70902 99671 45286 37314
3766 11
97610 52837 24788 72504 41609 22781 96098 98159 23121 89793 53710
4963 17
39937 99191 36289 44372 31380 28048 99629 21883 42460 62023 32355 34875 28802 47826 61153 67334 21360
8631 17
38273 21291 61857 67932 44070 65551 69344 19646 76531 45621 55409 29782 31833 43383 50459 23803 81562
1027 14
89264 20786 7247 84410 99901 22579 64020 46294 62220 78440 25834 43142 21811 38751
1288 16
75480 6248 96875 48631 72681 65587 58451 44331 76667 23362 34637 45021 31277 17535 68253 73343
9988 18
88974 52164 53433 69107 19634 5272 1131 87754 65656 96950 48873 30597 16440 49773 80018 22228 12630 48035
6318 18
44607 49973 73217 24144 38149 53343 74471 91698 64541 4346 43660 36051 21769 41606 25910 5330 44655 44494
4705 16
28939 58350 15961 27498 26982 19051 71928 46654 95102 51664 33664 9691 24661 37941 29112 92431
5996 12
71949 43453 79553 76764 68575 89268 53352 17702 73667 57764 82015 41087
2841 18
43378 28713 36534 87288 35256 92644 96850 35208 73061 38315 5043 48737 58827 36353 35081 96831 93426 72701
8442 16
3051 85364 44710 94676 60925 56021 6592 24532 27227 81760 84745 94525 4402 21380 33149 57194
5252 12
58442 13382 72222 93958 18168 22191 69887 57648 83512 43213 39537 61595
5479 14
48588 7000 76243 68557 79834 32503 17650 54860 99242 66983 64122 40459 82458 16714
4127 13
83854 17518 77021 26483 49439 70669 58782 53994 95602 94014 32879 90317 84639
4672 10
78489 95282 90682 74424 40419 31459 5439 80072 40694 56913
4097 13
76441 68106 15629 75174 79743 43288 8825 50909 58574 35897 52444 81083 75944
7819 20
39170 42215 8183 58796 21414 47416 60221 20549 37514 71839 86604 1367 45905 53006 85469 58040 88097 32704 89224 86747
5869 19
81444 59403 84992 7472 78797 54390 37696 75846 72179 58798 30653 18265 96734 45573 38684 85130 47200 45920 77755
9081 15
3001 36605 37630 1161 8893 31591 27930 93266 56624 34619 55774 82682 86117 51304 71966
5444 18
98166 84560 17988 3652 10256 65462 33361 53417 48021 20854 2622 6503 47063 49271 18787 18930 48914 61132
3170 17
66479 24983 3822 43222 22739 45784 61275 64746 41160 75402 53218 88786 43906 45650 38462 25875 91552
3264 11
67899 39176 98432 49389 11631 97251 46509 18635 11377 36549 82664
6664 10
21625 9884 78230 92775 4741 99029 79702 41490 52097 89703
6448 16
77381 63987 70369 81570 23490 33857 22782 32497 97208 74823 24266 92235 59367 83642 64834 21749
6803 15
2882 98721 81998 49134 9862 58221 74191 12299 41797 7930 73284 39360 50896 40443 48276
4659 16
94919 55356 30124 82068 94042 85146 39448 44016 60408 10921 17914 39110 55800 58150 79801 15281
6102 14
10883 5867 69106 69957 56737 73650 46202 58903 66375 86205 18204 28951 83902 64130
2830 20
43765 2023 17347 52506 74125 50999 22923 11521 2816 65030 24754 93477 73779 27169 62515 3571 69904 81508 66058 85802
6361 11
13515 32105 67403 46382 678 23431 46816 86726 98052 71015 29034
9097 16
30544 96626 85560 66826 70185 68480 98423 69480 3785 3683 9902 9544 79677 95707 19818 94747
75 12
43652 22522 80304 90752 28823 43815 28878 72551 19632 92243 65236 45665
7997 20
81732 91856 8970 3937 92799 34090 89577 94423 15395 23304 65034 77841 2025 40197 60757 42436 85999 41178 39183 50559
1454 17
64605 8790 13860 41375 36938 13468 64907 44460 39705 7276 18297 65768 74551 80265 55137 28697 71134
9796 13
27177 64720 95389 88340 10779 92278 9112 44832 76136 69012 40671 95783 74290
6398 11
84939 19784 88804 16155 89873 74795 29115 77221 75037 50044 97074
7202 12
70730 55636 28944 23413 6972 99848 43188 83640 29432 59338 57010 65009
4897 14
19831 29557 56689 26015 56199 49413 48445 45117 6695 34967 35727 58711 77180 17377
7840 17
74561 24511 34356 3376 33102 87247 57703 44441 67471 44957 83811 59713 11583 90298 93026 88009 34314
5468 17
32742 63944 79245 52808 78043 95738 55310 72511 96957 49812 36673 84858 49784 50803 61309 6083 77013
5671 15
6323 91392 49804 46087 26446 83477 49277 90607 48459 12571 67353 97019 67988 88214 68260
927 13
36020 29539 23372 51466 12735 49317 17411 27595 20975 30426 44314 93012 88453
3605 20
4942 25793 27779 68443 87257 13642 66554 83853 42192 61346 83102 94252 45987 90870 98521 72147 8975 65603 31578 23769
6325 12
29821 79663 79077 28117 28543 21906 77264 16779 73496 87465 94884 95467
9452 13
72254 72142 34898 3067 99957 73408 47019 35002 40279 18506 11499 52807 82358
8834 20
94166 57592 66250 27208 28952 32461 26969 15140 73288 80124 17043 47536 29971 24810 20112 47838 27790 69488 94079 33122
1772 12
72440 83306 62166 69201 32548 24234 3353 583 79318 93622 47115 45947
5183 16
98307 16578 34946 4666 40603 1046 15475 30363 58191 12674 87588 96415 45499 15272 77213 67503
5240 12
67134 98779 47903 76213 17050 81745 21097 35974 20532 8273 63200 1378
5214 15
14659 61701 13490 64575 76337 86571 59734 55110 46919 82635 1398 22728 40998 6455 1811
8630 18
36874 90674 13058 35408 87177 84611 9995 26117 71344 46991 65090 68750 81398 44652 47088 19856 12495 76853
6957 14
16211 29776 94880 69907 41944 4446 32686 51669 89883 93239 8280 97950 72670 35443
4082 10
38079 58426 97931 88085 15559 4793 90261 23389 48890 51277
5595 13
78073 7417 58454 17171 54155 52660 83255 62828 76198 23998 77645 62505 99070
7125 16
97375 55640 62517 20281 79139 26403 97459 69293 27315 58828 43031 58178 27407 12685 44580 15054
4854 17
38766 82595 76412 48814 75455 74800 56330 43192 63471 98941 6067 21715 78923 30847 33387 57872 92840
7105 12
58706 34538 87193 181 652 84634 91056 47109 99283 61639 24348 14527
6525 20
14375 976 64919 52639 31861 21549 81388 95383 35324 47368 48221 59748 8477 270 97960 14031 58336 3192 22398 76287
7492 18
56726 55292 95147 75856 46627 3106 36600 3343 59222 8586 80355 6564 80328 94452 47924 37917 5958 74579
3974 18
6329 47786 85662 43489 80853 326 93311 12244 86681 44861 90179 20537 85061 19374 20992 78124 9946 44061
8508 16
43346 4279 36861 25820 40042 97105 29275 12530 92606 99757 62611 91865 6694 80541 36740 98239
7309 16
41459 75669 52877 42356 3127 8224 96743 4824 9204 96211 96155 55667 21771 78598 97897 81415
2024 16
65696 44860 78166 10693 24549 7908 66391 85376 97298 85091 82893 71995 60075 55231 79489 82998
1491 8
26376 40304 32804 46948 64376 36866 52258 72736
2337 17
71313 5263 60660 88347 18423 5729 21985 49302 95863 4078 89044 8044 23507 81592 95701 46623 6911
5767 13
67482 52470 83394 5930 31307 72635 93394 94611 49950 57469 88407 96643 49779
5258 14
69704 55036 16960 35320 14289 90769 75588 49778 28877 24763 71250 22003 9284 57747
6508 18
31705 22645 30260 97424 60059 21819 47070 39922 46170 88344 63902 33691 27238 73557 82189 42796 43008 19849
1348 17
13098 56091 90465 81953 19371 55706 73329 58518 41574 53262 39422 27379 9142 90943 6111 65834 10838
1129 19
52060 43757 1840 99732 72190 33866 49311 51561 97345 85699 41598 90120 33649 99305 48935 80633 92967 30442 6439
8424 15
39260 19360 14947 64489 65130 31342 64285 55191 49647 18936 92168 30300 31800 96270 58453
8151 18
88567 65318 58530 44241 1375 1257 3631 11597 62687 277 66137 27365 65535 26537 66831 90318 96836 69333
987 10
43675 77818 27073 19790 42556 49405 55544 17629 18167 24118
7833 17
17284 76171 951 13335 15040 75439 77924 55296 81100 25955 28929 27970 96292 48921 80729 28263 13413
2054 20
64013 85047 38213 78222 64706 91659 45711 94677 80293 44097 6185 27668 78287 57039 59767 92636 1710 15150 93387 2201
3472 12
587 1105 98875 54738 95870 15701 28175 59977 92424 3501 35120 99557
5726 14
94643 95364 24517 12 54140 72361 16313 38757 91017 98094 19482 25938 33597 65150
1234 13
52546 26014 51252 17433 90492 64852 37480 41240 63663 75509 63135 92287 18424
2988 13
61944 35899 61663 64171 856 78492 36710 16433 88476 23385 36706 98545 96982
6691 17
55685 90282 12402 17562 58474 52101 33031 65536 62430 1592 20105 36494 86178 59019 17847 91077 90973
2106 16
85978 3755 90611 37847 63287 45877 35722 71576 58317 90324 91626 50344 98254 25304 90519 54394
1420 19
84686 89894 76512 24206 39276 88102 24401 27803 1597 46426 28783 11526 82035 80524 74425 18028 26410 20791 72371
2049 17
49714 58646 13156 60204 79668 3273 32306 75571 35266 20983 8094 8782 9086 13521 8173 98753 22890
1432 15
92158 35888 696 1554 39239 43667 44014 39998 67751 87873 71266 26297 74840 4996 84417
9489 13
88497 56940 38547 92402 18137 69838 30649 1669 45883 29598 45503 91694 4490
3832 10
17609 53771 95860 87407 2762 16635 35265 26449 80438 61208
8505 19
35399 51950 80284 63958 4848 68816 62215 68405 86182 10869 99498 40259 91543 53693 82264 44883 64527 75626 70781
9197 13
68236 55753 76839 6554 36106 78266 60424 58493 14901 89023 67003 34590 76459
1790 17
24251 83874 45430 27793 27380 79007 19253 28179 54235 59698 12947 39903 79582 49580 12853 676 9859
4660 15
10404 6364 62952 18015 39466 49197 8268 34629 50666 26081 53046 72867 49130 75421 68486
3928 19
81414 41979 49155 45529 11109 99984 30902 76960 94388 36372 79929 98055 15018 32229 88388 1040 27612 67684 20790
9110 9
67737 99103 54757 8444 84142 4345 93603 90052 78629
8247 16
23237 92305 7809 51306 60397 18725 29548 5461 25869 16141 87663 1205 22910 51955 24832 99573
3313 19
39101 54001 13500 27145 16056 15393 69247 29810 78315 86764 27001 76838 55400 61534 29372 15087 21240 12670 97791
9942 13
34801 26131 66376 92963 12038 68696 79194 85910 92340 96408 44516 89284 21151
905 11
51349 94250 49717 89978 41493 27684 17697 36370 47661 33693 66607
9303 11
78736 8528 2708 2997 29019 68758 45713 74115 34030 86952 32918
9679 12
21988 72076 99983 40355 15921 44680 95311 14328 47337 5315 57609 29676
8681 18
59467 20329 82258 55241 39939 41233 35043 92461 30333 98576 78057 27715 19207 41050 72341 97591 19959 98315
7479 17
40981 72613 23657 73378 99231 87337 65444 23819 35496 2043 48569 85975 84395 70357 66338 14401 37020
8050 17
813 39647 3975 70363 12728 68239 24179 93694 18693 42059 37194 78373 63540 88971 36105 63265 50751
1265 14
40536 62157 6345 23903 12384 24675 86827 74434 63830 16146 19613 15495 43649 72999
2876 11
69894 11362 93202 28551 21898 29366 76590 42288 72468 53580 14557
2292 13
15498 24803 65673 49589 19976 5026 51472 86843 17989 44401 91140 3100 30610
7300 16
40394 234 2742 6593 5583 40281 1986 89648 95797 21874 51440 36448 15681 22681 89327 20965
1557 16
13668 24504 23294 8127 85028 60485 23157 657 79620 2858 69284 5543 3194 64895 11168 5566
4832 18
69973 58981 91604 8084 5678 93054 19225 11151 33710 45847 17987 41984 46705 4454 71631 5466 68023 75615
4113 13
71884 17242 66344 29472 69155 74485 88951 88909 79195 39946 96796 56611 3046
4895 14
92307 41089 21696 14277 88698 78650 93867 26707 72747 35229 32581 98876 10040 44937
536 15
46800 94568 62534 1681 26646 73205 13810 59866 71025 38008 53429 97054 94609 3684 16565
6963 13
42853 68868 4383 60884 97266 6986 1146 32902 36172 81382 7982 47668 25782
6103 13
64879 61514 11737 20775 45983 31825 25632 52391 49930 53535 47221 61665 65427
2520 13
64602 12702 58768 78694 18188 4711 58484 95271 17323 54251 85757 28933 75242
9388 11
91327 7630 22338 68014 17452 12888 18420 80050 58057 10488 74715
8997 15
26204 67776 74955 24019 86988 49285 26954 73626 32146 12800 42386 9660 26126 37634 8100
2031 13
57633 57980 64615 79633 42156 59290 55499 11724 49705 51004 51238 44263 44863
8634 20
23976 69194 37942 96264 36577 91775 34853 42327 48702 35963 9430 87760 94148 52063 88575 91370 6769 45978 54945 84837
8490 12
72199 6575 82276 12447 5462 52199 70466 74268 75442 11887 50163 48919
7472 18
67165 78205 31935 12214 74803 44856 42342 75927 27867 33408 69312 20503 84968 24808 6989 37275 83088 93279
2982 15
96767 79938 38333 14736 30956 60418 41587 50596 9794 99235 71125 96010 67342 86581 85185
5998 15
93772 13842 24505 67797 53984 40393 31901 63692 7835 803 10692 70546 8746 76823 56517
4581 17
13212 27103 78065 19427 34564 62847 32595 76365 91559 11950 10811 37124 71867 26063 65135 60954 4198
9565 12
94954 5573 13880 69092 44194 99600 67004 20300 95071 58905 81291 60339
1320 15
8748 43991 71929 16744 47670 31809 95130 547 79681 86472 44341 35717 70799 56770 15828
6535 10
47292 73654 41789 82449 87029 90022 37635 85998 58169 36114
665 14
46021 91860 79479 45296 37698 36065 68361 50723 15153 96691 95506 28669 33571 10503
5151 14
83103 83562 17298 21004 56578 64637 11036 49904 50095 35564 31472 17021 90489 22371
8761 16
43118 95884 53321 90903 65387 11795 22619 32754 13934 19517 69040 23153 80009 32117 71022 89410
2721 10
62891 6677 51831 85313 58561 7218 20963 76938 91923 34744
8407 17
49023 36215 29682 53003 71975 58976 43528 24530 1674 13322 90837 35536 61032 71533 553 73812 32342
6994 13
68834 22087 97023 44973 65385 9219 61296 83743 96668 12043 28872 96372 38396
6145 10
40190 18561 70664 60822 39195 97537 79897 25696 16021 37874
2862 16
96403 63325 54580 25384 30488 62920 30823 11420 70959 57759 75116 38085 79381 9041 88298 53649
