201
9408 20
48317 98520 59629 99762 61772 43375 81406 64511 63404 81284 64882 71497 96793 91917 80182 33926 69332 95378 61982 46642
1807 20
99187 7847 92886 74681 89163 86753 77216 55560 8010 39933 93474 63275 97929 94259 60598 88738 48294 88360 49334 90073
5239 20
96215 93034 98401 60165 84253 40472 78457 72887 31060 60645 77807 77922 77815 48604 85295 32705 84030 20909 84346 99630
1812 20
90159 89310 81393 52135 40192 89741 97811 38890 66766 85113 78702 53322 87752 86931 87679 65584 26813 54479 78892 52496
2065 20
97799 32432 82327 80974 27879 97684 81298 91884 96522 72615 86063 20447 57532 93607 55547 75472 56967 43614 75920 68313
4395 20
66605 93942 77725 91034 9978 90725 91851 84928 93784 48010 82899 80554 14023 68609 78663 12772 94303 69050 97933 19596
9990 20
90932 97012 78087 15941 75856 65349 4701 84247 97185 74101 91768 67807 87181 68991 73697 12789 66763 86359 95940 18639
6870 19
52697 66898 87026 95767 67539 91001 76115 77930 46415 94044 81484 76702 14853 47034 71965 62271 90069 52356 87769
9974 19
84938 36531 67287 38381 3130 98977 65344 94198 74953 97944 92066 90364 96448 44834 40907 79498 23324 99437 98201
9926 19
60582 88696 93284 90990 60362 71798 78372 83446 47992 61502 56215 85636 31119 84581 64989 28125 81947 96756 51440
4323 20
97366 61204 26798 91640 42161 48329 68172 79053 97981 27154 83433 43434 61734 18206 96256 44044 94937 99302 88361 46062
3120 20
63599 45779 89957 86000 70284 807 99902 3756 72215 41195 54200 92494 80761 74725 82105 81665 75149 16260 95577 85769
6094 20
23926 95466 71611 38025 72426 63342 75071 60997 221 90979 94923 72589 53451 34292 40450 98301 95557 71778 67491 88227
146 20
93095 32080 98354 90250 73002 73303 59664 59044 99600 25537 78738 92092 75714 32433 49939 31293 14602 55777 88980 74324
3259 20
46971 38517 44736 50317 93616 82302 78277 48398 85161 97663 99435 36970 56288 83090 30192 99575 5968 80156 95959 43400
4255 19
81866 86820 56287 86341 72649 86205 43634 64636 77860 30433 96564 67242 99761 82795 26711 80831 49819 63616 36939
4608 19
19075 73998 71266 91655 96312 7737 54256 70239 81572 94740 47928 66292 72902 89835 48080 70087 94788 25294 18352
4482 20
49467 54183 10365 97425 79991 61732 90221 89662 89503 81854 67305 57388 44967 44312 93118 50173 44553 24692 78570 83502
52 19
78912 81132 82886 97294 58885 69736 18026 27381 79233 58568 97618 36808 47297 99295 66143 42359 79254 83658 81158
6950 20
71210 75286 62934 80581 65128 3333 67479 65321 79047 60614 93705 75116 54182 74582 20928 10488 70614 97062 84494 70555
6350 20
91967 85008 12098 95651 74719 22137 90683 29478 88930 95079 29897 28244 13595 80162 77825 51631 91017 93115 48297 81013
6262 20
93060 77843 36002 70207 73243 89241 98920 95424 65048 26480 31805 94372 31089 90285 15210 67794 69858 27910 79897 46852
9900 20
97765 41059 84053 87020 80409 92581 56380 27869 84631 51525 41969 41733 73966 25784 90242 61359 25311 84632 71963 56629
4275 20
46631 60857 63686 80892 86342 47970 99148 21220 70417 71821 2809 4338 32042 39744 95189 86091 80800 93416 98905 92110
4085 19
98387 13994 80619 72814 53084 96805 54065 81625 31855 74382 51358 86658 71254 35874 91881 70522 95130 76735 35588
4039 19
95248 24090 72928 68387 90115 49395 23246 35788 93823 48894 87521 93849 47653 86572 82057 66948 89584 39058 77248
2804 19
94527 87397 33230 75044 15559 70212 90984 59683 31996 99331 58257 93924 3882 95493 98398 21198 33613 60222 99392
6688 19
90381 36135 9103 31997 89247 92751 91244 61095 94490 83085 81121 49367 55025 22578 91570 64789 82872 79150 31499
9962 20
61263 96903 92955 32814 59462 75876 58369 94676 94146 84389 57707 73156 16559 29450 93742 27352 39096 23354 65389 88430
782 20
19800 71615 98282 6278 83703 47612 83412 52823 65545 58000 79218 62911 97069 70989 73495 60812 74215 40024 53295 63262
9035 19
89300 56669 97338 21981 74529 48621 86336 99369 87715 88789 58218 19424 69605 61276 81570 91975 92156 27890 9123
6368 19
90879 70116 78818 57167 33864 67879 73608 97682 73317 39583 11775 71238 77728 40840 99559 86003 52160 85750 52652
4449 19
98500 83404 77964 94003 46057 99456 78847 97606 71679 68749 65525 74759 25783 78519 37354 58512 46169 36067 19175
8301 20
42833 77553 60520 77403 8668 33035 59243 80421 56580 68204 25209 94550 23887 73315 93091 86813 91618 79257 44378 79564
6408 18
96625 7013 45766 95538 67157 68047 75829 20727 72073 35842 75512 89199 1689 26662 71706 93948 88726 28955
1862 20
64931 79943 84894 63853 87836 30658 82779 91053 23202 96620 87810 94411 28128 8407 59677 79774 55557 16910 95796 21546
6976 20
81336 89056 92586 97336 11231 2163 56081 92699 97119 69510 89120 74902 32712 66507 34239 26150 60936 80822 64849 33516
3111 20
82039 17227 35484 90209 31337 42439 12005 95224 68153 98980 91260 76251 59836 50867 81332 96751 56622 71263 84242 11102
8212 20
41169 4768 67264 92063 98738 39943 61401 85229 94901 84168 94336 14000 35860 85748 87186 24265 65005 88135 66033 21974
5763 20
78572 71306 24823 68800 59364 66108 94605 53371 59160 95236 63137 86642 69478 66230 53009 37166 75194 76502 26444 25576
189 20
88865 93551 50049 97186 19259 558 67725 82215 25200 86126 81063 46361 71241 75804 83098 66236 19050 97539 35951 59556
3435 20
46932 40744 63873 88635 68538 65899 50797 94982 15999 91562 92450 71378 22634 87263 45946 65026 78060 50652 98917 5748
6488 20
58364 58130 71073 51499 50515 21839 91275 35983 90015 62201 23858 98655 44534 56557 91776 68683 46920 25171 99623 98047
540 20
40799 71148 76095 99841 3932 26688 95207 60217 54939 83494 7834 87992 90665 74630 90421 92661 24931 77422 25001 59799
2373 20
92511 95985 99184 91996 57460 60194 5275 42763 81065 90410 29834 80114 79075 60599 80700 56102 90475 33766 12505 2562
921 20
36741 30388 34669 55248 80451 99329 97067 98966 51518 95477 42771 13167 47782 50002 98339 32083 73568 41611 75446 87424
5217 20
12111 60730 38185 92665 82743 90692 80791 52308 53706 98857 72548 65789 45659 70659 77481 7586 87386 17866 81225 51270
5691 20
95249 50772 29553 79199 74690 80721 64446 69411 70937 35215 33677 92145 27275 58108 99953 35029 53533 63007 39093 87170
4261 20
49192 73265 77287 76154 65505 93936 74052 81291 18144 81562 96131 71912 58200 97558 12413 1400 55421 71661 23965 59224
6064 18
96240 83084 61186 33797 51028 81523 90317 40764 53674 79321 76996 58533 60366 96421 83019 76916 65644 47934
7753 20
54794 20565 40904 63811 93271 61078 1329 30923 77982 92741 91502 49273 66184 80803 42937 51085 98850 73238 58291 86372
8031 19
51952 75494 53262 67092 26165 40700 94596 96486 74360 88491 89899 2751 81537 21003 97591 91615 86716 60661 34333
3996 20
1780 51051 57060 43290 58993 70919 35666 47535 87377 84099 80609 51006 87655 61597 55704 75272 92155 93675 85299 11956
2829 19
77091 27028 91436 60182 74154 85080 9546 8252 41562 13207 97508 91369 85274 82823 97725 56084 85013 52043 96141
7703 20
11933 95279 63948 44564 32939 68317 54345 89064 94079 79918 64877 32516 79496 79705 43787 96912 38896 50033 83945 25525
1277 20
29453 19098 97115 30115 91599 78639 81746 22583 58435 39330 41267 81868 1065 81536 72965 95266 93338 98824 98883 16516
9847 20
40102 53569 49572 25360 83320 76930 96190 11764 81346 98774 83562 67470 90236 51583 34886 42249 31148 86436 37905 85170
8815 20
99096 79358 96637 64531 85085 85140 90531 77628 60735 14161 89261 13066 81427 55870 12267 81150 63130 36656 1827 39562
4951 19
60464 83976 54317 96872 60946 68640 17168 17051 47056 80866 4648 94786 84586 28703 9077 81802 97325 58531 79988
1951 18
59554 55753 41440 39705 98783 83299 33701 81217 83788 18919 88141 85838 94659 49707 67655 77300 66316 98337
5850 20
31379 77873 92879 61219 59172 74062 89722 84580 10978 93765 47391 59326 59268 29926 90104 17739 95232 37964 27306 83442
4024 19
85138 7872 61395 25713 67415 62073 97843 56000 74750 47185 88984 40333 56147 96867 71537 67597 74278 70994 71113
1410 19
7350 83477 51431 99046 45347 28390 77058 68836 22183 93692 57676 1401 53030 85034 94547 14223 77375 83842 91680
3261 18
86611 22585 72521 92724 82448 92464 38015 83698 93388 865 73398 90462 80439 60886 72994 22435 29510 34171
5103 20
49313 86281 66778 18893 13140 96270 87120 88565 82090 35942 39732 82602 70888 12604 15842 98825 85904 29080 73651 85604
3535 19
69818 72449 97839 95380 81839 37 87611 4609 86831 68628 40813 96779 17332 95166 24231 38130 64927 93792 82397
6090 19
62551 59591 93941 68545 65433 86379 95702 47991 72851 18170 23145 66426 46432 95337 87876 51365 89857 5487 80448
3134 20
34939 78031 35068 85767 57795 66699 51206 85527 76660 34373 24736 76719 79014 48041 56152 55714 49408 67351 57609 96407
3692 20
71974 82410 79850 84675 19130 73131 90684 47666 32145 95765 98199 74905 10590 32337 74701 33892 75346 58050 54316 27122
2005 19
95397 94316 79354 70907 19293 94802 85118 26904 77068 36257 31161 17246 65171 97916 78552 21358 57394 84815 83642
4281 20
60324 37695 48632 88034 86981 97191 80970 87134 79345 49266 26505 39782 97864 98417 15319 95543 70365 4228 42288 10074
470 20
58852 34110 50532 75916 83487 71140 7128 61793 85789 84614 84978 34263 30681 84652 60568 54586 72655 42465 65050 72346
9821 20
53120 63208 39547 63571 59651 91297 32324 21714 93674 39084 58818 47720 56717 81806 78544 13743 77756 98068 95071 50004
5608 19
55890 27604 80523 47547 80381 77152 95222 91541 5011 66487 77270 88551 25460 31736 81161 19034 72801 31023 77010
5075 19
89739 638 71612 70278 32000 78804 84717 84096 15737 61730 96725 67759 19314 94708 64700 93072 13816 98129 76774
9182 18
58359 44973 30453 93808 70878 31401 74689 85098 37440 70696 53019 95891 83200 90723 69375 22630 52385 58196
9582 20
80930 79771 91380 49047 71517 84645 18295 65333 72460 62732 76051 38096 57117 15781 75325 82593 26027 72058 68781 25539
1134 20
97847 75431 25465 54712 98064 23881 74091 20869 56435 73491 56195 4977 64372 30164 23150 92712 99114 86112 98053 58042
7986 20
43974 76969 17633 39489 48043 88254 68716 88322 48680 86617 75993 82154 21335 72772 50060 86348 52742 1173 80082 80852
2762 19
91667 25305 60104 41582 64889 51939 64425 88859 41243 64328 35912 97493 98228 5100 79870 80991 46548 61888 11579
440 20
97381 92904 75875 22116 72845 65068 51407 17196 14865 96386 81887 22669 22051 52863 29751 90229 52208 64025 88277 98786
6236 20
95663 46152 89336 72514 26472 74537 37495 85494 43916 49075 71100 88550 89773 67257 89011 6736 31748 23755 21997 97316
3786 20
87270 81384 58570 7314 79796 43818 3314 21969 55876 51900 80568 95905 65085 75095 65906 43397 90266 34796 98907 66102
5205 17
99684 75511 94700 75131 71747 73051 12651 88731 65131 97629 49641 76145 88994 83397 65279 84772 3850
2295 20
92423 86721 39973 53545 42630 72977 57390 77952 94482 65724 32922 98602 99188 98839 22146 58739 17887 70899 7720 12395
368 20
96289 93901 12714 94488 46529 35072 49988 98103 18695 75200 85919 58444 36745 71361 36764 37600 38190 57843 81425 76559
5407 18
63098 72959 78001 76834 67110 33946 85180 58201 79123 8026 86947 52049 83628 97128 34931 65613 78432 80227
8603 20
49284 92641 93806 17393 67950 15077 77171 26996 51605 66859 88111 82383 99141 37576 80506 32338 63466 31516 50825 75883
3851 20
39971 77962 52840 95097 2886 50622 63080 93541 68778 8631 75529 56534 55857 38306 76669 55910 94392 83123 99995 10676
6309 20
11607 87322 80460 82507 45999 38955 75658 93976 21737 86093 96428 79448 14653 17753 26640 38032 48809 95246 95180 63596
136 19
59229 89139 44802 13761 40032 91654 56992 80739 30890 62274 59705 77442 58009 96918 71630 26421 98607 13762 82340
6249 20
62905 99405 64584 59875 88234 54954 93744 75113 51378 33299 25581 51184 86018 89555 94271 24063 65081 5722 6990 64661
6031 20
64514 70466 28802 89846 68286 76663 55313 94439 12241 32328 77082 99007 89317 13299 69625 93202 25933 28934 23922 83325
814 20
41032 23036 55991 74620 46466 84848 52641 17022 94732 93376 54707 50581 84488 75362 49076 63855 36942 97902 5977 93737
3578 19
74638 97569 70313 40264 5579 58819 29253 96063 64182 79769 52656 93387 68401 33315 89090 91329 13901 43948 5215
3511 20
86459 67403 49801 16661 73895 87866 36645 21298 78003 96446 98336 26075 84028 25701 58760 62307 52794 96366 36731 39541
5329 18
72541 93637 72002 50567 82919 76880 67309 51043 44676 71008 82894 76528 8972 88307 72077 59233 76466 47017
3764 20
51167 83190 60792 85103 69583 56429 71135 95518 6181 86064 75741 60695 26712 89748 84960 69806 33508 6290 76664 4642
5683 20
1081 74394 72636 31175 66715 82664 51768 800 49671 17039 57248 4390 83848 97195 80897 65148 79651 92977 93425 89904
2242 20
41753 10049 83819 35339 45132 8317 65393 49897 92532 80896 79009 88508 95947 62680 71634 64309 14546 96895 24333 80945
503 19
97855 85287 16134 89481 93094 49999 46751 37329 84747 93464 36628 48761 4800 59765 97641 88756 11663 68970 79900
1897 20
79361 79704 67223 51065 52350 32001 98006 47795 4982 51019 57867 23838 76005 78574 67570 92617 60073 82089 1907 86609
8573 17
97565 82508 36750 92039 14446 51740 99199 56211 94104 96415 11550 45859 64224 28115 10743 48459 98654
8415 20
49937 64311 95206 35542 22281 12713 60657 84351 58378 67938 72796 91987 49044 33500 69499 75736 39777 30125 99057 76527
5294 19
87435 95852 78911 93228 78899 16698 77661 80627 98765 42723 24523 28350 22848 93883 99504 14456 48438 22139 48322
1492 20
19638 70166 85652 65481 84349 79703 65626 43939 56758 38993 75541 13563 52358 89478 30988 92549 77029 32637 42748 71838
5915 18
60564 55004 12146 96978 3330 28758 59037 89067 77948 55842 79501 54526 87786 76915 92867 25351 39663 30505
6985 18
53397 58083 55066 40184 97673 97283 96606 43479 13289 77631 89944 8688 44783 88211 65383 70837 46241 46035
960 18
4926 90819 72642 26015 68638 81617 84332 76569 79697 10369 87430 87879 69955 98653 96800 5744 46488 99227
3205 19
30243 89005 34194 809 54008 48744 20758 78036 96931 71591 56958 69207 76807 69228 42953 82634 72304 84068 67438
4646 20
64540 30050 57217 74853 8376 78733 87555 47445 36223 73883 20136 61007 99991 61592 21572 89107 37218 89958 94651 52237
2924 19
70426 73345 96301 13517 98347 63350 1208 55277 79524 87076 10726 78232 93916 32340 51372 94737 21277 99849 64695
5591 17
24683 83878 26456 88136 52095 99839 51549 61275 50450 88878 58858 39808 8994 14661 91090 96137 69509
8817 18
54267 70421 39905 50969 35673 84141 95401 87239 95781 66047 83851 86849 18599 70114 49267 34634 20107 69450
4007 19
92942 93917 19537 17090 73656 44294 54382 43567 20060 81849 66698 44393 72943 71067 71599 71628 53165 48002 44587
2664 19
52093 54995 84514 69525 70202 65434 57718 47150 73448 47589 80596 57976 96111 31295 73485 91693 60287 30059 39531
1606 18
70957 22806 70198 14572 16695 443 89988 87052 82204 70712 81083 60313 73298 5223 92791 93400 81745 95307
6698 20
52944 76220 93865 48694 89391 78589 29418 14519 16542 70031 61763 48976 48503 90165 20552 78901 78305 78708 49808 57357
6456 17
82731 23142 82840 86932 88683 35611 95244 75672 42213 56189 73055 33385 42745 91374 61073 70427 78235
5959 19
82786 7456 80143 30054 38771 35526 32423 63552 35242 46878 77538 43306 96085 55488 72923 73741 87472 46385 77394
992 15
88866 78950 64705 87036 34783 81467 85969 58804 61062 97559 96724 15834 72826 98770 99374
9013 18
64716 79910 28809 63012 56101 23750 45327 41657 52400 75957 33431 73728 64041 46927 56551 49605 47364 92583
1872 19
10611 64956 94228 93092 57820 62337 33490 49544 35451 70689 37214 98775 74465 80328 55179 13028 86373 57652 45957
886 20
58244 78860 96329 56359 50608 1077 95729 59837 74639 99355 73724 39817 22617 46596 82062 99704 8700 31949 18089 87083
9836 18
15151 78858 86374 32683 72558 92220 84746 85288 54368 65991 46523 10156 37094 34747 49563 32046 63244 93608
3487 20
79336 8418 3148 99488 78103 74646 50755 84367 56553 80611 30055 50711 47201 64522 93787 64525 70312 27808 40928 74667
9472 16
66563 60015 97960 78505 92633 19307 59881 33635 58187 99548 88172 77944 49941 86648 31557 85238
437 16
43914 35663 85558 72232 80214 50667 22642 18990 60717 81596 98990 95820 73290 97924 97759 95468
4712 15
62935 57697 44771 82550 77602 41488 75400 78349 76110 34862 77387 59493 77327 96267 66280
1443 20
76758 78421 69513 74748 39458 77098 17024 43248 38068 49153 35217 49894 80659 82703 95436 38906 92590 93064 40767 5800
8794 17
79143 97727 11124 31594 18437 92124 88728 94048 75013 61363 57271 32869 86278 78707 99319 88037 86531
7193 17
88975 59092 69087 45085 92266 69289 71752 85721 21857 59466 87526 81187 84847 82055 28134 39397 53826
5122 20
7667 99830 54389 87510 32377 72187 76317 71373 81507 69000 58057 83777 48392 22551 76588 96714 4808 16964 33543 83349
9374 19
98866 67873 30444 68468 27405 58252 64258 32142 53404 74641 34342 39695 71447 87606 62463 45628 18321 77903 78977
2803 19
82816 23519 10565 60270 46398 75687 95597 96901 42664 86376 73633 92807 13391 29815 96306 98941 17248 83377 50058
7953 20
76367 68367 5264 93292 52269 91207 80570 22620 25822 31686 90537 31151 55372 93054 77842 12863 69943 89599 97781 10059
9091 17
71208 61005 48431 27495 9141 71469 99967 73436 56104 97504 72506 35018 41511 68454 93778 23130 44891
9014 20
76922 72528 48580 70324 73267 120 85543 45285 380 58181 86615 76375 52811 56149 24627 54011 97275 16391 97547 82025
165 19
70232 77458 56855 28355 37089 6338 82111 76135 81958 78600 57068 71402 78531 77356 91426 51720 33518 88798 29967
3499 19
59050 92334 91827 52685 74395 83485 92429 88147 9251 66315 42532 81902 75643 35971 40072 58211 1124 28102 24300
8580 17
98908 71742 88493 86452 59259 39339 82671 87049 29500 29915 61599 99132 11114 64737 81463 38210 75412
5034 19
84833 65301 5595 50691 40859 42853 11293 64301 98359 63812 90296 83574 41607 93842 97492 66098 47955 76102 47622
500 18
57125 91652 66310 83347 58655 98148 78037 25274 65414 62468 99206 71608 23993 53816 94222 22226 22260 98225
2887 18
52250 93017 80591 79304 49005 45836 69447 81469 85251 22640 59569 83250 38765 9226 99720 51033 49829 36666
8913 17
81494 93711 87226 96414 40943 66558 78496 71180 13332 91047 55269 44899 62853 46836 83683 92622 64851
8369 18
52497 78108 45731 33710 78586 97921 92869 21454 81392 24950 80430 78829 61463 98411 79609 73757 7652 82873
349 19
83215 64201 17897 92378 45706 49971 10212 55168 56492 71808 20469 87536 18167 97265 93253 39545 59352 73350 99807
3669 20
54259 11241 97163 95962 53370 77614 60663 53456 62356 55887 85620 90677 69338 48295 60418 34114 21581 60279 74906 2511
6962 20
73687 60181 60367 53857 57734 92861 91440 65288 32155 85590 97234 8648 6589 88956 95134 83260 29793 698 81034 4855
8471 18
78117 94993 69879 35984 16276 82112 8621 88411 56064 34159 84197 59116 96319 85198 55075 33641 95942 94936
9600 18
84139 64856 87758 69973 48526 67015 29343 92817 19053 99091 53341 35134 78409 77425 84785 36851 83775 56260
2631 20
28844 95646 53154 27196 41551 48846 91910 65968 46628 98470 51443 72913 92325 86463 39248 49839 63405 11334 72613 30747
4783 20
14171 75865 12375 87516 90693 73406 48095 2668 87037 89381 78493 32084 81603 95122 33280 19331 94687 34503 51402 66461
1262 18
59548 37217 91379 52936 12010 99440 21917 89874 28974 81930 93039 89597 97293 91993 63823 15082 4865 76659
4474 19
98925 8893 60352 14861 18280 74781 68201 55416 35074 68386 43774 85556 43219 86983 97113 27083 17164 84418 96342
8677 19
59762 61954 69066 98603 36527 63444 84362 95939 27075 87787 86212 5765 75934 11813 57476 65537 70719 55736 54100
2500 20
22864 90613 26159 92588 61247 71462 18741 68268 49462 32664 32810 91470 52801 86088 47259 16562 27948 99758 84731 94258
8896 19
57153 96932 9647 31074 20100 69415 38522 97426 32486 95375 82346 80737 45229 76707 48716 31674 83277 96574 9218
6683 18
10427 54273 98182 92097 40642 77971 93585 53939 30537 71803 20575 61531 65452 83197 48767 31128 93888 34842
2055 19
5499 59987 65188 91863 41799 47421 97431 62518 88144 18570 55571 47379 77093 61117 92375 30771 93835 31848 57445
363 18
31948 37433 80368 16716 11267 97712 78075 97688 42838 90068 53736 90484 82794 53122 65294 33729 40487 66598
1203 19
96313 16762 81118 39203 81526 23833 89545 51705 82655 99858 18330 70436 43067 4995 92275 6960 99530 20943 64922
729 20
28997 60903 58995 67662 95471 80707 55959 21211 15315 90399 76777 74269 94761 92604 10015 50795 60377 73175 2445 55762
9063 19
53518 78557 41721 79025 62537 41578 70280 92500 8470 78046 4984 87908 77451 83540 68657 58503 65731 59255 53693
5953 16
89540 62584 33711 31431 90777 66005 59927 87234 29512 69857 26652 79189 88388 82883 48585 69588
733 15
74547 79180 55817 86454 49094 67770 13284 65928 10133 80266 83833 95415 66261 27665 5837
8088 18
62620 15338 85361 77674 72158 88815 58535 98644 88903 52491 41880 69830 76440 81787 16299 59852 74629 19779
8439 16
20517 72333 98448 91079 38819 89235 77555 73515 66176 97423 53021 44920 33488 56445 38038 62791
8482 20
70288 96977 78597 73754 63112 35307 57165 81431 79819 10884 67501 37324 61594 84574 47033 48488 80066 56376 15793 16809
9314 19
54327 65037 54400 44861 63971 57195 25485 50171 61394 73912 82974 80693 72816 76742 85817 30048 96133 30524 56072
9324 19
30985 86162 52872 22202 77640 75923 77543 99328 69318 20912 94552 11040 43475 99359 55572 71995 78619 17174 72975
1977 18
58468 30722 74523 26223 79439 89875 94900 49282 44362 35476 80164 58335 30488 64735 67078 53076 93365 43892
7922 19
71172 98150 50517 28021 44733 97664 40713 55821 60934 53090 98409 68941 27539 59814 66895 93038 27402 87544 30135
8667 20
16853 31944 55112 74367 32738 88722 61719 39820 84876 32795 78772 43678 79800 69009 70217 70229 54750 33519 53250 87568
5038 17
67749 78247 88107 37982 32668 54864 36290 50104 84565 81110 67135 6430 31163 14738 77791 54796 55744
1593 18
38417 87730 30296 86587 62739 86340 41604 33602 38052 82484 63710 89278 67650 62871 74253 69558 33870 65573
1702 18
93013 48446 93145 57179 82133 67628 62626 93530 26971 37974 83136 52945 96195 54745 6883 41154 54155 44058
1804 19
22872 81048 98740 63558 54948 25172 83810 71213 7499 68436 83666 81726 8704 56135 26213 89315 72846 73913 89330
3557 20
32255 10628 92543 46084 91890 67424 68202 72189 1414 29299 13712 49773 74202 74924 88257 82178 48606 63197 73815 78521
7055 19
81023 85440 46837 47588 68734 98464 64873 14473 72689 54449 71061 27108 52199 87519 64470 49137 26465 90516 28931
7988 19
54800 11809 73737 29220 50143 77953 60842 56908 78125 74963 38340 99324 71914 73639 99652 92503 56061 52276 6005
873 19
99080 52468 26751 7037 40448 74897 70023 82000 35992 69268 58891 20673 55579 75970 74841 51555 72629 79035 18274
29 18
93750 80532 77682 66311 68449 12708 33042 69361 80009 55674 33336 68691 77350 99675 97733 50056 23600 69534
4074 20
2184 22232 75565 60749 95481 92803 66165 33235 7282 15039 47160 87003 95431 39999 40629 87243 71391 99133 31062 87114
9418 17
20980 69177 78381 62226 43477 76325 73199 92734 67217 74813 38012 90469 55364 23166 6337 94844 31984
7039 19
91512 67834 77918 35573 42126 42519 36815 98041 27978 83474 50114 77076 85555 72967 70713 76407 20064 27899 71440
8505 18
51950 91543 75626 82264 70781 63958 99498 40259 80284 10869 86182 35399 62215 4848 44883 68405 68816 64527
9351 19
46662 46045 87856 39189 94942 46723 25313 57540 53821 98885 65727 55167 62353 75492 62301 86714 84927 51107 14722
5498 20
16055 32421 18596 90750 64137 37239 7012 69515 91118 68332 82501 49611 41495 81710 80265 67497 59315 49936 73984 73460
8058 19
1355 30875 6668 68359 24406 95529 50810 81575 72439 16410 54423 96802 94501 97055 92082 89727 68077 32333 81322
2655 20
57456 69053 78284 5767 89725 80016 90550 55319 79903 20397 81355 33581 83632 64957 16138 46808 68865 29910 84924 18033
1129 20
1840 52060 6439 30442 33866 72190 85699 99305 42788 80633 97345 41598 90120 99732 43757 33649 48935 92967 49311 51561
7443 17
63505 83278 88142 71216 82648 73330 84486 81096 47525 34858 37533 93155 91495 80230 12831 25197 28581
6516 20
33632 91852 45138 5113 77689 93805 96845 57050 16781 99145 46630 55852 65985 62846 10925 85565 38420 63543 84723 21877
6017 19
47062 81823 80407 27909 76518 24947 46107 23138 908 13927 76080 90235 97607 96869 90217 99079 44017 36596 99549
8857 17
26331 10957 54802 87356 97168 86100 72167 67251 77723 98079 99409 89570 91949 45441 68438 5573 74648
9937 19
86547 93171 55483 71638 19533 93635 66338 73695 16797 64210 23664 80087 8300 27017 67641 80626 93406 33274 65351
4314 17
6513 44250 2821 84933 87071 70887 31245 92478 65397 649 86638 50452 91876 74445 5260 67012 99753
6173 18
41302 68335 63985 79493 72788 63577 10014 35378 98257 10987 30819 73660 96333 57682 81498 91758 92217 83054
7984 18
44930 27980 57104 6981 7690 38861 57279 91557 40900 55615 78896 88120 97991 96995 98660 59248 60574 56008
2044 20
29958 39554 69029 71861 27066 89068 25945 63471 64546 92294 79761 7230 69976 59429 90947 34336 2766 73699 63723 84863
