218
6603 16
97381 72164 55519 4878 52475 78897 14793 33966 32980 33322 63190 91856 29803 8443 59514 61709
9339 11
55825 1678 20230 82358 4467 43276 86277 8101 19501 22769 90090
8746 13
21755 18958 48171 1829 15660 54434 88860 60597 50308 64900 76894 34502 91568
5753 16
42649 91478 3456 62189 20513 52922 70249 37038 81039 74253 29351 48488 79388 32859 30908 3978
461 18
39768 37561 36998 43121 42774 47063 88031 33194 79697 47118 8756 47155 47097 32445 50918 19242 50539 83538
9692 17
991 12574 90107 94674 59362 89000 4046 53196 17138 49181 6893 38246 70740 10196 45235 44492 95232
3342 11
72979 65979 39507 52081 84123 4931 49654 44990 9122 9498 96178
2304 16
57043 87060 85229 27825 21203 75009 85574 11317 49707 25204 76850 87997 23730 6004 47430 90765
3354 10
58495 35278 65762 94438 684 12463 41159 34427 82948 91215
3530 18
44789 95931 48127 92725 43068 82559 97317 94431 69424 13064 5875 28647 69212 94086 30514 14682 57410 6552
7884 10
66976 84552 7854 23849 21278 92174 19 33717 34211 8354
9872 12
46559 42558 22001 51849 47501 85527 91580 4537 60493 32420 86685 56111
8278 14
42833 56000 90744 96234 31318 16206 30227 48046 64089 9492 54031 70476 29446 72962
1620 18
98497 34545 16296 94773 20685 13776 50553 96729 30039 90675 60479 93662 47212 48852 67094 99336 24697 93659
5524 20
48189 83834 27795 51040 35460 55998 77257 44437 1160 47806 62685 7213 93740 57821 16670 30022 87711 72562 57790 7378
6954 14
71645 79339 80317 88657 16225 82554 96943 62628 70325 78701 44061 89246 64150 71268
335 12
47002 51965 37895 80480 93125 67888 94501 37203 76675 29236 14122 96982
5167 14
46379 34460 48851 91696 36994 72007 38237 93921 73438 62964 19003 81952 93693 53574
8970 17
90047 28675 34947 42406 84362 31885 61602 5119 67912 31903 62644 80267 21892 6322 27996 33071 29192
8743 18
45057 13387 46812 73603 63825 14246 40938 47982 68815 30441 5052 5381 85639 83690 8748 39494 50805 3133
2895 15
23284 95722 51637 30259 31476 58208 62396 466 86931 43937 47008 11801 41395 76679 44707
2745 17
17669 69768 86292 6444 98281 43605 18295 49308 68436 27683 40078 36069 53300 41694 81791 53561 69466
1300 10
85680 42464 45733 11468 23604 71545 24048 37145 74317 85053
2459 19
44746 38665 51707 27741 14032 81630 72442 42354 44253 94637 59090 5868 80547 48660 74739 23045 52565 42887 4876
8446 10
35225 90350 63080 39532 26929 28666 58158 5104 65416 53466
5986 10
77473 78087 78418 83074 51960 94862 85267 54856 15093 95992
3623 13
51326 56935 10805 2417 54320 53344 75668 18974 13622 50416 89642 23510 74106
5371 20
88714 19200 148 13317 92326 6973 92824 62941 76146 27757 30254 36848 67048 49611 59805 44981 16987 17832 64207 70107
7728 15
86041 73707 70545 65096 56525 87765 95770 58537 29479 26514 17967 12246 62470 71960 56394
8006 19
60392 62620 4818 14832 41921 48008 99907 84046 79417 18103 24175 3051 5618 4207 91501 5148 92461 3696 11358
9173 16
65662 55457 1298 63851 58756 92339 56849 83756 90896 325 91665 45032 5107 20583 98386 25082
1700 14
79862 31074 55273 41520 90115 80902 81956 96124 97427 25993 91027 86956 57045 96556
7502 10
46129 56962 58881 37504 21434 67439 31377 33929 45189 87695
574 12
18547 46045 16991 75248 59648 42498 42945 45450 41197 66477 36957 91608
6852 10
64222 68944 96508 29893 93050 45716 39965 45409 43318 25155
8737 11
11375 58177 53273 75001 75378 25273 25296 31236 3080 29200 30972
9286 19
26395 50225 86477 26962 87900 66849 44411 43336 11219 12145 5441 4490 4073 27276 33249 91755 61292 78822 99937
4856 19
32873 52296 24690 32158 67208 59925 64631 25103 6048 64511 49228 98471 80444 68185 35274 44805 47955 29110 12493
2343 11
5565 52409 99093 10077 61839 74846 51385 85065 31017 46888 49342
623 12
60212 92852 6054 75959 7276 14282 27195 75616 69724 58622 51776 93737
3452 10
27126 86577 8284 56571 37982 35155 90839 34800 75481 99756
4916 11
25543 61794 98253 7868 59950 19583 74634 48165 57310 46083 9641
6573 10
97986 90076 17491 54403 82428 27417 92807 25795 96088 6298
346 10
98593 895 44462 96602 30192 67757 97650 8599 21089 98319
954 16
38923 36525 38254 66165 16694 7208 68463 46680 40783 57105 85444 69425 30830 91488 39654 86164
4467 19
43128 6777 42188 54058 32107 14683 33685 37723 37995 73321 34660 52052 42930 90578 48951 71827 68795 20069 36828
5047 11
25763 84951 53986 45508 70527 83867 16226 10042 20167 53552 91650
2936 13
2181 15138 4943 94124 50175 1761 3101 92030 5811 35446 16975 78015 75476
1262 19
59548 37217 91379 52936 12010 99440 21917 89874 28974 81930 93039 89597 60418 97293 91993 63823 15082 4865 76659
3088 11
26824 51181 26650 3541 1635 60300 27212 19878 75199 3009 40257
2709 20
36546 24031 98491 80085 18216 45712 25044 38049 82438 7110 23723 90342 18647 39089 87374 336 34423 12126 26392 25871
2946 20
92433 93096 62467 92910 2777 48820 23193 18749 14007 65665 95308 24439 83550 19058 23348 48516 73143 12946 898 89149
4837 13
9278 48074 57585 85161 34116 55352 16708 33337 3794 64855 6563 62271 95025
6027 16
38518 58083 88511 5452 4472 16982 77734 59073 17889 93996 57184 80432 98893 54837 52967 62589
4362 15
75909 99703 22922 97140 5806 40241 26135 1575 36948 30834 99404 14113 94693 55026 37527
2973 18
34945 69762 98433 33853 14497 14362 37616 34494 48717 25017 78862 12163 33642 99807 18578 27393 61101 75883
9991 17
56716 51502 60665 37 22243 95408 72860 43231 4563 9968 32898 33383 1570 98864 19048 30752 19210
1323 20
29326 69882 74341 25218 44922 72386 78043 65990 55771 2676 59502 93141 80714 19410 10531 90861 12159 6062 58973 59966
8303 10
74081 75871 65494 15817 34574 86922 97887 38797 10372 99530
4657 18
60216 7018 45202 53320 62814 96236 50644 6391 3233 42525 45513 43739 47168 74151 81968 70177 39553 52705
4946 11
26751 53457 68814 16224 81767 20329 34292 85995 43232 54680 29532
8866 19
25151 74315 61732 60195 12331 66306 75299 72274 7101 65981 57591 74340 8776 67153 96682 50377 12143 67250 29071
6733 13
26945 93077 40005 89258 49628 29486 95617 15119 99115 22144 37530 16580 43975
6676 11
12465 69006 88551 19224 26075 67199 32079 65973 95455 92198 90738
6683 20
10427 54273 98182 92097 40642 77971 93585 53939 30537 71803 15737 20575 61531 65452 83197 48767 31128 93888 88756 34842
3637 16
84024 50052 84656 84154 81107 47957 51291 17408 99429 71024 27755 82504 62546 88626 91186 68597
9115 11
30049 73107 66888 99066 15537 52158 83362 70085 23702 58069 90641
9553 20
86467 60561 22616 44997 10375 33033 42722 21529 87340 15090 73449 95899 66104 22578 84565 78814 64309 81772 45017 323
8068 19
48138 85603 49861 14876 70103 94659 63084 57409 12653 37053 38135 92 40104 46044 69101 90397 42954 83303 53934
6969 19
2574 39829 19297 48040 21369 89664 14796 79063 72353 70944 85131 4025 63217 79057 51650 74825 79335 57527 85292
5628 19
56090 93725 50978 49668 70848 2466 65347 98738 42200 37945 62968 70865 4356 65848 60959 19434 77697 42494 20184
52 19
78912 81132 82886 97294 58885 69736 18026 27381 79233 58568 97618 36808 47297 99295 66143 42359 79254 83658 81158
4054 16
52724 82743 85014 72653 2260 48963 55858 61425 44647 14266 22027 25897 340 3738 81671 730
2010 18
53596 11683 14559 19512 91829 62004 89941 3025 35289 26855 84423 51143 97036 63265 29637 89211 12128 7615
4446 16
95248 9873 89526 99524 84293 14361 74197 42314 15936 42226 48991 16502 764 48629 39755 40363
9571 13
19707 76930 43442 9565 30452 6333 86989 709 15089 98077 50310 43236 19060
973 15
91042 56535 18062 83999 67173 94639 50798 61097 92793 46139 6862 60779 92156 34780 64268
1681 17
12171 42083 69333 74275 7931 24375 10491 83987 48770 5236 88492 30764 31062 43519 11661 69856 93378
5832 17
30491 11230 29541 89442 55845 94280 81362 47628 35128 88401 96715 56796 71492 41880 34345 26420 10779
1175 13
27734 67140 63127 68069 85746 1884 4104 89601 63331 95435 96909 12405 20888
1765 15
15151 46481 33898 40949 70233 16994 51951 90941 39292 8683 46022 72258 12637 93856 79709
1953 11
53590 97157 32866 47391 45512 86816 34325 73710 26951 7270 64429
2519 15
62060 64646 1451 75849 19181 53276 47709 59337 86829 48564 41871 16126 48554 80311 24441
2226 16
53710 16050 79796 740 9795 74239 33954 18308 44943 9502 68747 24483 95260 23875 34256 87424
4074 18
2184 22232 75565 60749 95481 92803 33235 7282 15039 47160 87003 95431 39999 40629 87243 71391 99133 87114
2826 16
27031 27319 94735 69989 96238 65409 22339 89284 769 37111 6595 9304 17651 40478 8700 42370
7124 16
50099 54052 84187 80820 33815 95164 78852 15534 84791 15911 72194 63152 43774 47497 66112 11559
6942 17
46020 90276 84070 74374 83958 79766 50361 27229 1239 3138 95957 82887 99534 12267 42881 61074 86073
1750 20
18814 80077 97517 91723 91749 62902 74833 84480 70715 28733 68603 68908 10305 11023 64392 7149 41618 54370 3419 44587
7291 18
22361 46919 93667 5342 59060 94577 91141 97174 12393 35956 95184 41236 72354 95257 4819 29640 13447 2913
449 15
66330 70313 35503 31511 87828 17752 11050 67673 38063 23535 80332 25735 99039 91290 59467
3330 16
63356 53488 50030 43242 49673 61937 38524 53793 40450 44028 97578 34046 30320 77678 15664 10225
7631 15
34529 40523 96161 6584 75265 44326 70295 38168 26315 52750 6660 55810 77737 97925 63262
6387 13
85082 10865 78762 65040 98934 96352 36080 96160 47331 16104 15951 29687 24505
7612 18
77427 8309 88398 77412 30707 2306 86880 97292 12824 64181 6230 6113 43437 83932 59302 49250 20139 38414
8366 17
92987 85671 28568 42380 10967 83581 90808 83744 42059 48329 53228 6347 69000 38146 65423 87384 57116
8551 13
13955 17492 96136 13354 21405 16490 952 68894 74420 70226 51006 17733 44424
9743 12
54375 89704 40580 55546 6755 65430 85047 84039 14726 18464 43899 61982
3311 11
37640 85012 63686 69844 22387 63667 46611 14199 46578 79497 564
8817 19
54267 70421 72002 39905 50969 35673 84141 95401 87239 95781 66047 83851 86849 18599 70114 49267 34634 20107 69450
4712 17
62935 57697 44771 71798 82550 77602 41488 75400 78349 76110 34862 77387 59493 77327 96267 98770 66280
5480 18
43927 54781 78536 69440 69201 48773 55859 20817 25249 19780 61739 40792 55509 58589 77432 66940 13266 70508
260 14
96883 44773 79198 80486 18083 90021 65128 55806 70509 11493 37639 53268 70443 79885
1640 17
80930 18860 91380 10173 17916 45754 7256 57479 21242 61934 82408 230 5558 45617 97768 46517 28535
5578 18
44104 95831 37319 90148 32767 12665 14898 72835 66129 53105 6551 94399 6034 40498 35281 45088 30352 23673
619 18
32558 65213 56635 90525 62088 60621 21046 28694 40418 93396 19497 69605 94035 5153 73884 29412 63639 75448
4026 12
398 11163 57601 9852 15377 8548 94401 77408 79079 25243 86359 97985
711 19
2203 31080 71328 63830 81407 58610 78062 59837 68240 32652 61796 49402 58142 96244 17137 98897 58184 18528 74171
3294 20
99181 67760 25172 79092 89124 1874 63666 3881 27329 17387 6154 57579 1 32059 1013 35009 53751 92871 95669 95868
8460 11
31184 66278 97236 67601 37987 74084 20720 18354 52621 14396 30073
7627 16
88331 3132 94798 20221 61185 93323 41605 84761 6209 7346 60698 39107 74418 6960 59857 33273
2091 16
18151 94265 78724 38805 55930 32851 964 62641 26503 4295 21854 46405 94547 51513 89886 23965
8975 15
73332 92961 76019 63980 43384 76905 2706 35642 76395 84051 69346 82501 88997 39516 51053
4089 18
56486 23728 81364 18207 33144 73720 92034 99157 41204 10863 73313 80200 28599 44781 51237 17923 90666 8625
475 10
63790 98303 83891 33019 56380 81136 81234 45085 69472 1752
2562 17
80641 90879 20279 53569 74 73478 80095 43724 2700 18131 71735 59455 4119 64561 41593 37228 35089
1970 10
30317 80411 49785 13325 60718 92429 35806 71777 60864 22341
4749 16
81797 1428 38677 3103 39743 77302 16155 82221 56596 44007 21535 57605 13811 26268 24773 61905
1031 14
77389 39289 72693 56018 25195 55790 70788 34293 26976 80848 94560 94385 80219 51452
6805 18
8175 5852 63182 87313 12103 12320 4740 21120 83178 49444 72651 83935 6252 7080 51279 85071 20240 59020
6185 19
43886 10957 64503 26521 88182 94908 13777 85140 80553 39140 75533 1550 81670 50605 47875 53631 4259 92901 49168
1594 18
52796 79545 49620 18010 73807 58710 2883 88555 58999 60061 65705 60200 19379 2698 25358 85405 86499 45488
4034 14
59228 96419 39123 88186 52976 78699 98293 82645 70081 132 46410 9629 69135 41208
9482 10
15488 24971 22331 86026 3452 18846 57440 10665 6965 17836
3671 11
52935 60017 85378 38832 36487 16371 72263 14442 68647 52258 2755
8872 10
86629 81690 10304 84739 42559 1970 94929 90487 10717 98611
4064 10
33072 23560 54395 49625 33923 23318 5214 48615 71986 78012
4873 16
72856 76984 72170 8993 34141 28438 51206 1232 7766 98127 63641 11599 96233 84439 85199 14355
6419 15
14808 69880 7058 83541 42366 97907 42744 20467 13520 81337 52779 47132 29364 17949 16924
1701 18
11999 56852 63248 43410 55136 19724 3673 43986 77303 76612 34785 79134 70194 78479 80238 78977 25578 192
228 13
88076 44984 134 50459 74918 89338 83972 17954 92786 95860 71514 39747 46001
6363 19
83906 43490 81018 91025 30224 11052 89072 267 1500 18645 92216 42028 60102 67434 56353 40034 55484 61037 41157
1168 18
30282 62748 19358 29536 18339 80615 68517 38444 53642 83412 55040 94911 33938 35846 32721 87332 19266 25875
5289 10
47566 24795 62287 54067 66836 37565 74067 88023 52704 56230
8648 18
33752 82906 10856 80463 5890 5663 61228 70053 31855 85459 81295 22446 92903 41666 55376 40446 25704 15391
5970 20
80688 89427 72150 9378 99293 56309 80479 19756 1606 75568 1673 84228 12873 7717 46606 4283 23151 79238 30275 36938
5883 18
36814 68537 30065 87478 39790 85585 31854 46693 52764 4846 84184 64138 83191 7641 16870 43798 97060 5749
8283 17
21288 75797 34666 69572 52552 81890 94482 96375 29584 93762 84177 91275 77395 778 93624 75951 13885
9232 11
75969 17274 48358 22063 81291 19462 42757 79743 77642 59943 87672
5322 10
12276 36155 63608 52384 51710 42729 9210 48346 48147 89703
7042 19
60582 42074 72464 37687 49221 64879 38712 77640 24343 10231 94727 18110 79123 87349 18938 1911 92896 27467 69648
1345 10
52360 31986 88362 82341 91428 59885 42322 94509 23559 51800
8281 10
76141 82420 99369 50357 55621 92288 5987 90123 37014 11149
8999 15
36162 50431 21734 59675 81892 72062 67764 99366 91182 40555 65989 10279 26992 47343 94071
6050 18
99832 91793 88817 80507 63268 1830 48674 93530 36344 47940 71569 28603 3903 48586 79283 14185 42578 31694
1659 14
6279 53843 75181 66551 60276 19804 50300 56181 17025 42808 55938 76475 35568 43695
5890 13
45170 21303 87132 51014 54564 2906 38068 86418 6903 59698 74252 21789 60359
3306 17
83493 78551 78504 79610 59778 91251 74779 89523 51387 49472 41945 37296 16998 37210 62590 33651 46355
8520 18
60499 47285 53483 25463 69704 62176 24922 20713 67324 5818 63039 91990 46307 20374 74020 39044 30605 56704
7424 19
80275 96478 99679 21074 79582 15121 32507 99761 32975 35913 93336 68365 40705 37115 56597 66877 58581 31399 87547
6023 12
27053 7563 61444 94561 82460 33275 99298 21768 60407 64872 65630 90994
7922 19
71172 98150 50517 28021 44733 97664 40713 55821 60934 53090 98409 68941 27539 59814 66895 93038 27402 87544 30135
5849 19
1608 97553 99523 2889 49834 44926 19152 79817 15196 89578 13806 75944 11766 80951 45652 45671 15950 45274 80858
8421 16
15046 24409 2138 12522 47716 76651 27724 44412 35124 11207 17067 48163 71667 84434 70429 28000
8758 17
13373 66675 45583 57507 17985 77120 18403 74958 51760 95727 5445 88026 60299 49244 24925 68057 36492
5594 18
98909 34552 34487 2107 83333 83240 86297 12627 58893 59137 82518 10587 49079 66616 17826 82144 43980 30155
373 14
44365 70711 75218 72178 97528 85226 72342 98304 52174 61974 44952 387 65909 58116
3097 19
57266 82331 13676 71563 92225 40235 19041 29906 92450 66179 52810 74931 1702 13331 25492 70755 37244 47402 15062
3726 14
25619 60925 84645 55052 4363 64035 32226 36631 28561 19778 28990 85115 64529 98339
9023 16
85054 58516 99126 67586 46856 18756 91525 53846 9790 65157 34508 72249 67956 61445 72512 94122
935 14
72928 4926 36374 75066 63191 84411 2356 77101 77001 7259 3125 41147 22181 86976
4540 16
38098 26347 40581 82413 10608 79263 47412 54071 52272 47947 14944 84829 11435 21363 93484 3885
8356 15
58054 91403 8343 3504 53666 80143 24481 99206 61278 7053 85020 88018 25656 42471 22097
1976 16
32911 97795 41342 67542 67836 57068 23669 80926 62616 20066 5521 56627 97961 21064 44089 48382
3763 15
18288 21645 81288 45120 51982 98395 48075 85858 82151 22781 2063 93854 32707 99477 51093
4029 17
75245 49911 22502 89260 68834 21428 72746 20169 63124 34040 79604 11290 64488 29804 81151 97077 99034
3895 15
90249 59381 77134 68452 19709 65483 23246 92202 78465 56683 74615 38729 83575 46913 47253
5159 17
48536 189 66428 72289 33771 91427 28051 53252 40507 44456 96577 18426 68138 35207 60365 21122 14772
9953 18
60133 83879 27536 30621 83311 42897 46116 87428 36687 55218 19279 45894 61627 69069 19675 59237 74449 96750
3476 10
39210 83027 55129 95306 47832 11320 44978 20795 40007 87607
8680 18
17714 80655 99716 63904 57907 40937 55214 46636 79221 20524 13214 65307 44752 51612 86141 85921 77957 51561
2388 11
68081 50536 35799 13889 21367 1988 4645 88738 1335 82656 23515
7038 17
61179 99644 64379 87874 80352 22970 95361 34793 74706 3068 11272 45102 70019 1508 43484 16268 19777
1409 12
7759 44137 51100 73357 99481 42138 41647 36161 49929 19884 42432 46713
3190 11
77446 22820 44637 87931 69330 89532 58233 81909 66225 92758 34229
4359 10
25459 42468 30486 18416 97827 88920 14621 43800 2302 44374
2465 16
52955 77581 96731 78138 18395 12495 939 707 29657 74463 30622 14179 61296 34625 60460 25342
8488 16
51405 38326 69767 45522 1030 84875 91683 52721 3389 12973 57569 12162 69900 73183 60544 7698
8214 17
20941 63916 80138 76771 66256 69941 49815 35253 39443 3119 70794 53724 92328 45817 5847 10719 77274
2938 19
24508 81539 25040 51152 36792 62079 73789 76226 61223 70973 5863 9731 39410 72024 83848 54943 93851 26631 66420
9681 10
44427 85436 2518 13188 12140 41102 61843 38219 25449 2477
1255 12
57873 55636 71845 92582 42514 6455 79449 8144 54364 23319 13356 20666
499 14
47917 82950 70150 70058 63770 20822 8758 21219 98021 37497 94178 25679 93068 67158
2067 13
604 4824 87948 24406 12442 57604 26835 51058 21784 16774 99814 52006 40456
7676 17
71210 45141 78633 96821 13283 78759 41693 48496 18239 2891 21382 60266 76919 4579 93875 45893 63018
6252 11
51390 90846 98288 13566 13794 76960 98895 87779 28055 80997 25097
7586 17
84757 80378 13396 79659 49041 72084 8613 27731 73573 79780 65559 34950 95048 46510 27049 18042 9314
1192 20
3642 73614 93095 57282 40448 97350 41635 46738 24015 10881 24210 35148 93879 16515 2495 6912 7660 66298 72602 93215
7360 10
11512 42389 3876 26904 50678 48561 23450 99682 33085 93449
2883 11
16693 24748 75570 10647 91077 63942 10386 58723 16611 64253 84543
2904 10
19713 55723 27446 60058 54135 43181 31835 94923 42921 91335
2541 18
23352 96147 57554 79040 25662 73929 12444 32094 41831 12038 54239 98796 43459 29965 19302 59039 14967 5197
7910 20
57938 8794 50267 99337 73452 21206 71592 61836 20787 67778 12077 19839 10951 32439 64885 53740 99522 97902 69760 97655
5729 14
9679 27848 11857 62526 78284 25445 70942 67357 25651 85566 88117 30860 83887 61865
3998 13
30958 50288 19932 94628 4051 57688 71934 88054 97779 64979 89508 91337 53876
9606 17
38996 71083 50628 36481 94126 70057 54357 66446 37756 3882 99008 85934 5856 66240 48090 4191 49571
7029 18
82407 92737 4889 31760 33283 26287 28545 32511 24114 34501 38887 87177 72999 32318 69857 13316 33727 50305
3714 12
76085 59209 98308 88587 77854 11653 61670 50629 22840 51719 83633 55172
8719 17
76035 1096 67425 43658 74557 85184 6508 88761 8950 37896 67383 79026 98368 67081 78320 20127 45747
676 10
33230 60671 77540 16741 21692 56670 90628 70920 3490 1587
1438 20
68407 23290 2534 81831 97390 71586 70205 12833 32566 1026 57769 42181 28131 2235 8610 93989 4492 78128 10044 65681
7509 10
63925 3393 89333 62613 60032 27428 49786 80803 71597 7139
8507 8
61568 18258 99705 5389 26561 73203 51280 93138
9996 16
74454 31883 45377 6242 83827 69971 78170 46351 67187 92682 85586 50533 37131 53335 6423 43344
7775 13
49803 10611 17638 12252 65314 84415 92500 92727 92260 95467 90698 16062 75428
5695 15
74870 84961 62670 79721 62794 18147 47200 97966 95640 44162 53145 99533 17485 29776 97536
9151 20
49325 39121 87691 29763 59721 4598 49083 83569 33175 95891 82145 2175 18116 4327 64454 87444 69350 30530 79959 52753
8425 14
87774 51261 77331 53213 908 20376 93780 56705 57872 64533 41110 29713 10636 27870
7504 18
84792 70531 51630 94469 12325 56895 75938 61716 27405 25162 55855 47734 47639 18013 74528 43915 77908 50771
503 18
97855 85287 16134 89481 93094 49999 46751 37329 84747 93464 36628 48761 4800 59765 97641 11663 68970 79900
7560 13
78886 8139 18879 65101 25538 44237 27497 95084 86182 43298 67717 43494 59242
2373 20
92511 95985 99184 91996 57460 60194 5275 42763 81065 90410 29834 80114 79075 60599 80700 56102 90475 33766 12505 2562
5350 15
47571 61322 94398 29509 18898 38005 74974 56801 92850 69666 7613 23518 69286 47596 29081
1706 13
84992 79225 75391 53099 94688 47045 51062 32804 23178 23791 50281 4291 86794
5088 10
71975 16112 22085 17693 59896 71470 61135 50196 26890 1326
8799 14
94241 19939 13513 73659 41927 9279 24510 56455 54760 52886 84450 39620 61218 85714
8736 20
21646 8865 94262 80692 49650 69455 33504 66827 33706 350 38512 16084 85576 11859 90079 60008 5591 51427 24446 25964
7688 14
78084 58499 13010 89476 30373 45756 50695 65941 21492 2072 26965 71739 15332 51938
