750
1
28
204 714
50
670 912
241
266 579
182 414
416
386 482
866 920
447 735
444 765
92
215 634
169 797
455 891
779
894 995
64 788
730
736
488
413 751
409 619
320
102 684
631 731
27 553
304 394
8 620
675 760
471 993
155 327
353 758
681 833
726 853
481 665
271 789
26 982
744 929
572 841
903 947
355 622
712
612 825
195 617
260
137 270
256 401
577 637
251
567
596
171 198
372 721
410 872
63
262 661
341 796
73
808 956
557
509
114 814
706
888
290 973
436
196
599 919
594
51 813
134 609
537 832
91 392
40 689
559
831
802
575
970
582 967
15 960
147 157
18 437
211
490 800
686 837
145
768
153 452
44 105
227 711
740 847
160 503
468
216
297 937
638
896
236 881
200 858
830
502
623
845
32 156
492 934
94 408
521 543
109
820
69 185
513 817
551
558 750
10 846
939
273 835
330 562
231 571
535 673
678
747
668 698
96 868
457
267
692
148
411
269 384
199 996
125
951
570
25
602
816 882
821
422 544
435
146 252
855
580 601
283
339 461
511 861
30 93
615 991
992
641
938
479
138 701
387
17
550
99 415
242 470
585 818
497
536
34
703 770
31 885
653 915
836
458 873
936
49 643
123 806
913
168 338
610
165 382
520
867
133 345
375 595
364
733
368 376
388 794
72 984
344 469
466 980
494 716
111
20 183
127
76 709
259 321
548 586
664 695
126 911
150 475
117 945
359 876
671
776
173 244
907
347
98
745
451
630 717
890
899
583 662
588
350 965
629
887
197
581 795
443 705
19
298
65 95
839
151 834
607 793
624 838
454 697
932 977
274
250 501
90
158 660
84 363
129 879
545 657
245
210
539
423
756
238 563
421
329
249 289
755
163 478
644
309
659 752
83
162 438
851
208
852
480
222
514
869
723
627
67 285
465 753
541
172 226
777
524 856
407 737
82 635
738
975
85 968
994
141
812
218 288
315
474 590
78
286
103
221 985
246 335
969
108 840
531
313
402 988
648
702
348
331 366
336 763
206 464
118 522
385 769
29
243 674
343 676
352
307 424
203
119 904
334
506
161 432
378
70
248 337
202
728
732
223 928
139
124 774
189
724
201
130 953
54 418
275
561
272
101 525
403 699
860
21
393
328
228
942
381
848
280 636
889
924
261
428 628
88 263
803
12 952
743
532
149
61 234
367
997
998
761
449 798
784
460
654
865
669
683 974
45
405 949
176
614
7
963
4
823
265
799
167
613
496 603
498 510
647
500
495 958
757
666 884
305
38
826
100
86 295
74
112
694
935
48
143 715
450
81
371 801
725
180 398
115 547
390 981
87
224 484
300
52 383
9
434 459
5
80 857
235
519
720 781
187
217
22
775
441
906
472
237 749
900
972
927 930
318 625
317
486
792
36 47
181
546
696 783
807
574
508
573 805
483
773 824
645
35
358
365 426
306 324
713
604
663
870
213
978
399 417
708
886
746
106
815
254
277
778
340
11
921
809
658
672
349
6 528
822
487 897
652
719
962
23
370
159
476 578
917
247
255
618 762
555
55 128
986
530
754
2 71
564 999
296
166
504
214 940
439
923
323
493
379
144 943
677
268
516
113
59 961
13
606
230
233
264 427
276
294
517 651
554
369
190 445
303
611
741
219
955
565
734
616
971
931
354
718
60
878
89
446
406
742
533
925
333
430
507
207 892
491
626
893
314
649
926
527 568
640
291 902
3
576
0 828
62
680
584
412
188 534
104 916
131 946
785
898 901
908
950
397
739
37 116
729
922
710 918
433
41
605
964
849
687
326
46 608
140
477
485
391
24
704
174
240
456
404
373 810
121
566 957
279
178
642
976
790
220
529 759
819
679
191 395
312
954
332
442
311
473
360
361
310 782
685 883
39
66 257
707
462
325
771
560
351
357
278
505
302
177
691
787
933
356
429
871 990
489
633 910
682
877
396
120
518 862
292
693
542 979
859
772
419 552
463
905
179
225
827
205
77
589 598
301
764
299
186
591
346
540
791
284
316
621
656
987
948
844
597
322 523
58 909
667
499
342
880
983
850
515
700 941
389
75
239
281
175 587
448
107
212
229
556
688
258
319
874
646
766
549
431
287
780
110
293
400
154
192
308
786
864
132
33
895
420
209
966
97 512
425
377
863
767
854
722
152 600
959
569
944
135
16
829
42
804
122
43
811
843
875
453
538
193
57 632
655
142
440
362
68 253
650
526
748
842
592
14
56
593
232
639
136
467
194
914
380
727
184
989
374
170
164
690
282
53 79
